-0.3853  0.3000
-0.4350 -0.4817
 0.0497 -0.7869
-0.5767  0.3064
-0.1203  0.1871
-0.0874  0.5378
-0.6575 -0.3345
 0.4303  0.3961
-0.5994  0.2590
-0.6337 -0.2266
-0.3681  0.7244
 0.7235  0.1591
-0.2184  0.6471
 0.3163 -0.7496
 0.0773 -0.1679
 0.5907  0.0791
-0.2134 -0.6277
-0.0361 -0.5766
-0.5352 -0.6073
 0.3678  0.3258
[ CUDAFloatType{20,2} ] -0.3455
 0.6565
-0.4028
-0.3149
 0.5227
-0.7396
 0.4001
-0.7328
-0.1704
 0.5936
-0.1602
-0.1794
 0.1973
 0.6075
 0.4315
 0.0046
-0.4460
-0.3303
-0.1445
 0.1800
[ CUDAFloatType{20} ] Columns 1 to 10 0.1198  0.0379 -0.0648 -0.1926 -0.2225 -0.1000 -0.4255  0.0400  0.2191 -0.2781
-0.0782  0.3102  0.0820  0.0232 -0.1471  0.0786 -0.0614 -0.3105 -0.1273  0.0986
 0.3972 -0.1594  0.1139 -0.0640 -0.1342  0.4154 -0.0028  0.2007  0.2532 -0.3857
 0.3271 -0.0743 -0.2959  0.1423 -0.0831 -0.0486  0.0551 -0.1871  0.2290  0.0442
-0.0838 -0.0710 -0.0127  0.0318  0.0235 -0.0558  0.2414 -0.0235 -0.2686 -0.0327
 0.1490 -0.2690  0.0052 -0.0420  0.3773  0.4273  0.0881 -0.0321 -0.0755 -0.0828
-0.0869  0.0844 -0.2406  0.2532 -0.5036 -0.6984  0.0653 -0.1395 -0.1686 -0.2968
-0.2038 -0.1785  0.3744  0.1791  0.3919 -0.0240 -0.4744  0.0679 -0.2724 -0.1122
-0.1818 -0.3842 -0.1579 -0.0671 -0.1393 -0.2266 -0.3714  0.2272  0.0956  0.2300
 0.2137 -0.2258 -0.0265  0.2419  0.3402  0.0408  0.0690  0.0182 -0.0577 -0.1799
-0.2764  0.4668  0.1953  0.4206  0.3831 -0.0503  0.1227 -0.2284 -0.0711  0.4945
-0.0436  0.3326  0.0943  0.3254 -0.0961  0.1553  0.5538 -0.1087  0.3231  0.3258
-0.2406  0.3046 -0.4590  0.1841 -0.2370  0.1375  0.4794 -0.0467 -0.0364  0.1962
-0.1902 -0.3484 -0.1400 -0.0121 -0.5218  0.0445  0.3682 -0.3055 -0.1647 -1.0516
 0.4966 -0.0930 -0.0864 -0.1330  0.3732  0.2544 -0.2473  0.4660 -0.1073 -0.5808
 0.3164 -0.3805  0.6935 -0.4729 -0.3292  0.2018 -0.4204  0.3046 -0.0719 -0.1416
 0.0368 -0.3842  0.1902  0.0588  0.1625 -0.4261 -0.1210  0.0301  0.2870 -0.0106
-0.0797 -0.6013  0.0276  0.0837  0.4142 -0.0227 -0.1287  0.2369  0.0022 -0.3751
-0.2056 -0.1437 -0.2122 -0.2357 -0.3080 -0.1303 -0.1748 -0.0707  0.1125 -0.1733
 0.2027  0.0704  0.2816 -0.0826  0.1673  0.0678 -0.0690  0.1523  0.4630 -0.1068

Columns 11 to 20-0.2460  0.2011  0.2911  0.4786  0.0321  0.5102  0.0495  0.3296  0.2005  0.6384
-0.2925  0.0587 -0.1822  0.0067  0.2098  0.0347  0.0962 -0.1033 -0.0238 -0.1114
 0.0566 -0.1476  0.1315 -0.2184 -0.7849  0.0973  0.0326 -0.2929  0.2517  0.2255
 0.0556 -0.2593  0.2080 -0.1305  0.2088 -0.4638  0.1007  0.2475  0.1461  0.0891
-0.1450 -0.1961 -0.2392  0.3473  0.0899  0.0024 -0.0025  0.1483 -0.3829  0.0878
-0.0809 -0.1759  0.2639 -0.0682 -0.2392 -0.3852 -0.3044  0.0209  0.4119  0.2696
-0.2934 -0.0564 -0.1395 -0.1717 -0.0620 -0.1288  0.3864  0.0337 -0.1419 -0.0335
-0.3697 -0.1374 -0.0263  0.3300 -0.0017  0.4548 -0.4040 -0.3038 -0.2857  0.2876
-0.1109 -0.1762  0.2791  0.0321  0.2667  0.3308 -0.5014  0.0784 -0.2717  0.5291
 0.3626 -0.2695  0.1294  0.0266  0.1722 -0.0966  0.0577 -0.2880 -0.0486  0.6829
 0.3306 -0.2159 -0.0239  0.0692 -0.0987 -0.2708 -0.1140  0.1361  0.0108  0.1349
-0.2607 -0.4481 -0.2307  0.0347  0.1015 -0.0549  0.2597  0.0857  0.0600 -0.4428
 0.2246 -0.0161  0.1992 -0.4888 -0.0129 -0.1107  0.2362 -0.4887 -0.1264  0.1008
-0.0118  0.5785  0.2552 -0.2419 -0.0765 -0.0989  0.0585  0.0762  0.0942  0.0899
-0.3842  0.1587  0.0499 -0.2362  0.0021 -0.2641 -0.0943  0.3319 -0.0745  0.0452
-0.5878 -0.1477 -0.3883  0.2442  0.3207 -0.0081  0.2004  0.2789  0.0944  0.2683
 0.2565 -0.2924 -0.0446 -0.3364 -0.1026  0.0816  0.0016  0.1004 -0.4553  0.1523
-0.0664 -0.6025 -0.1145  0.0880 -0.0995 -0.5001  0.1155 -0.3000  0.1720  0.2794
-0.1064  0.4422  0.1895 -0.0574  0.0427  0.1688  0.1992  0.0453 -0.0251 -0.3080
 0.4321 -0.0953  0.2719  0.0061  0.1756 -0.2328 -0.1545  0.1005 -0.0208 -0.0964
[ CUDAFloatType{20,20} ] -0.0540
-0.0316
-0.1443
-0.1202
-0.0694
 0.3072
-0.0280
-0.1371
-0.1389
-0.0945
 0.2378
 0.1518
 0.1294
-0.1382
-0.1544
-0.0564
-0.0961
 0.1722
-0.1194
-0.1740
[ CUDAFloatType{20} ] Columns 1 to 10 0.3244  0.0153 -0.0073 -0.1846  0.0629  0.1107 -0.0628 -0.0337 -0.0438  0.2612
-0.0377 -0.4735  0.3397  0.1541 -0.2559  0.2103  0.0107 -0.2926 -0.2890  0.3525
 0.2748  0.0222  0.0752 -0.2587  0.1605 -0.1641  0.1293 -0.4069  0.3987  0.0862
-0.0809 -0.2856  0.0226 -0.2351 -0.0695 -0.1509 -0.0755  0.2365  0.2929  0.4337
-0.3488 -0.2281 -0.0319 -0.1138  0.1171  0.4764 -0.2129 -0.2148  0.0626  0.1678
-0.1287 -0.0276 -0.1794  0.5074 -0.1459  0.2886 -0.1382 -0.1033 -0.2310  0.0924
-0.2555  0.1885 -0.1599 -0.4251 -0.2307 -0.0833  0.1632  0.1940  0.0837 -0.3054
 0.0935 -0.0796 -0.1414  0.3575  0.2383 -0.4125  0.0699  0.0940 -0.0788 -0.2719
-0.3287 -0.0587 -0.4828  0.0869 -0.4479 -0.2007 -0.2639 -0.0428  0.2289 -0.0465
-0.2853  0.0236  0.1609  0.2484 -0.0915  0.0157 -0.2082 -0.2951  0.0424  0.4189
 0.1854 -0.0237 -0.1729 -0.1177 -0.1434 -0.5187  0.0634  0.6011  0.1817 -0.0243
 0.1692  0.0176  0.1920 -0.0267 -0.1041  0.0849 -0.0272 -0.0467  0.1312  0.4677
-0.1497  0.1606  0.1576  0.7137 -0.3362  0.0297 -0.0483 -0.2923 -0.3386 -0.2646
 0.0649 -0.0721 -0.0079 -0.2156 -0.0233 -0.4340 -0.0429  0.0460  0.1885  0.4642
-0.1443  0.1452  0.1317  0.1122 -0.0476  0.2263 -0.4308  0.0085  0.0014 -0.2503
-0.3355  0.0227  0.2864  0.1288  0.0897 -0.1739  0.2931 -0.3110 -0.3525 -0.4770
-0.3082 -0.3696  0.1864  0.5710 -0.2767  0.1794 -0.1375  0.0030 -0.0518  0.4142
-0.1556 -0.2725  0.0036  0.6208 -0.3819 -0.1196 -0.1403  0.1246  0.0789  0.3048
-0.2621  0.2015  0.1371  0.1753 -0.0963  0.1651  0.1774 -0.0276 -0.0342  0.1274
-0.4598 -0.5886 -0.2213  0.2289  0.2327  0.9626 -0.0213  0.0271  0.7228  0.5081

Columns 11 to 20-0.4175  0.4383  0.0444  0.2404  0.0697 -0.5857 -0.2120  0.1831  0.0461 -0.3005
 0.1350 -0.0479 -0.3581  0.3592  0.0967 -0.0931  0.0999  0.4845 -0.0026 -0.2721
-0.3810 -0.4029 -0.0642 -0.0009 -0.0064  0.4988 -0.0165  0.1193  0.4175 -0.2628
-0.0162 -0.7206  0.2789  0.1270  0.1641 -0.1140 -0.1202 -0.0246  0.2118  0.1782
 0.1447  0.1134  0.3198  0.2720  0.1562  0.2091 -0.0955  0.1685  0.0042 -0.1165
 0.3791 -0.3326  0.2111 -0.6168 -0.5239 -0.5778 -0.4420 -0.1552  0.0952 -0.1801
-0.0137  0.2694 -0.5440 -0.2012 -0.1999  0.0269 -0.1128 -0.2668 -0.0345  0.2693
-0.2441 -0.0208 -0.4360 -0.2976 -0.1373  0.0088 -0.1519 -0.2094  0.1261  0.1443
-0.2589 -0.1760  0.2190 -0.1344 -0.1112 -0.1637  0.2812  0.4542 -0.1124  0.3772
 0.4486 -0.2174  0.1202  0.0225 -0.2713  0.1589  0.5319  0.2599 -0.3375  0.3599
-0.0922 -0.2541 -0.2832  0.1588 -0.0096 -0.1011 -0.3173  0.1595  0.3856 -0.1321
-0.7183 -0.0742 -0.3957  0.2625  0.2204  0.1948 -0.1103  0.1111 -0.0441  0.1690
-0.0764 -0.2240 -0.2685 -0.2074 -0.0264  0.0508 -0.2088  0.1800 -0.4670  0.4977
-0.1006 -0.2077 -0.0618  0.4642  0.1462  0.1051  0.0614  0.1270  0.1389  0.0508
-0.5565 -0.0846 -0.1695  0.0981  0.4996 -0.2414  0.0087  0.0696  0.5477 -0.0529
-0.1016  0.0083 -0.2421 -0.3207  0.0238  0.1355 -0.3430  0.2606 -0.1570  0.0526
-0.0851  0.3639  0.1887 -0.1597  0.3029 -0.2112  0.3816 -0.0114  0.0237  0.3643
 0.0658 -0.1726  0.3549  0.0674  0.1297  0.1235  0.2071 -0.0123  0.0835 -0.0747
 0.3856 -0.0822  0.0339 -0.0456  0.2248  0.3306 -0.4021 -0.1687 -0.3500  0.2926
 0.1099 -0.2975  0.3341 -0.2393 -0.4155 -0.7987  0.2221 -0.0033 -0.1384  0.0104
[ CUDAFloatType{20,20} ]  0.1304
 0.1404
 0.0592
 0.0274
-0.0119
-0.1544
 0.1014
 0.1666
-0.0442
-0.1059
 0.1952
 0.0224
-0.0023
-0.1364
 0.0458
 0.0156
-0.1965
 0.0480
 0.1028
 0.3032
[ CUDAFloatType{20} ] Columns 1 to 10-0.4644  0.0236 -0.1612  0.1819 -0.1179  0.3053 -0.0829  0.0737  0.0513 -0.1825
 0.2580 -0.1227 -0.1919 -0.5671  0.0547 -0.0433  0.3052  0.4770  0.0518  0.0459
 0.0601 -0.2376  0.2729 -0.0466 -0.2783  0.6239  0.0670  0.2176  0.0428 -0.1476
 0.0672 -0.2264  0.4192 -0.1543  0.2350  0.2773  0.2191 -0.2833  0.0743  0.4817
 0.1799  0.0148 -0.1407  0.2356 -0.1734 -0.1271 -0.1335 -0.0312  0.0704  0.1517
 0.1692  0.3221 -0.0506 -0.1516  0.2041 -0.3230 -0.0659  0.1051  0.2630  0.0064
 0.0424 -0.3424  0.1885  0.0087  0.0771 -0.1518  0.1640  0.0950 -0.1049  0.0202
 0.1167 -0.9240 -0.1622  0.2011 -0.5214  0.1554  0.1706  0.2938  0.3668  0.0429
-0.0178 -0.2396 -0.2948  0.5250 -0.0096  0.0854 -0.2495 -0.0861  0.5436 -0.0775
 0.0322 -0.3373  0.4194  0.0210 -0.1817 -0.0069  0.1549  0.2244 -0.2242 -0.0357
 0.2707 -0.0557 -0.0654  0.1463  0.2378  0.6902 -0.5468 -0.0051  0.5066 -0.2153
-0.3090 -0.2252 -0.4156 -0.1644 -0.1951  0.0338  0.2532  0.0849 -0.2790  0.1883
 0.5142 -0.4017 -0.0952 -0.3076  0.0592 -0.0484  0.3140 -0.2359 -0.0665  0.2291
-0.0574 -0.0758  0.2123 -0.4548 -0.1385 -0.1819  0.0034  0.0887  0.1213 -0.2010
 0.3190 -0.3776  0.4912 -0.1863  0.5389 -0.3730 -0.2890  0.2658 -0.4564 -0.0182
 0.0416  0.0411 -0.5317 -0.0029 -0.1581 -0.3670 -0.2300 -0.1440  0.0546  0.3940
-0.1878 -0.1268  0.0521 -0.3328  0.2026 -0.0185  0.2542  0.2855 -0.2128  0.1512
 0.3043  0.0147 -0.3096  0.0865  0.3574  0.4929 -0.2013 -0.3397  0.2861  0.1208
 0.5349 -0.3365 -0.5310 -0.5161 -0.2161  0.1993  0.1752 -0.0233 -0.3432 -0.0348
 0.0287 -0.3207  0.2347  0.2270 -0.0750 -0.1359  0.0480 -0.0344 -0.2420 -0.1784

Columns 11 to 20-0.1233 -0.1892  0.5180  0.2146 -0.6809  0.1463 -0.1227  0.1863  0.3710 -0.2725
-0.3766 -0.2354 -0.0964 -0.0365 -0.1405  0.1425  0.2333 -0.3465  0.0314 -0.4300
 0.0396 -0.2623 -0.2204  0.0209 -0.3951 -0.0571 -0.0876 -0.1518  0.5527 -0.0953
-0.1522  0.1536  0.0186  0.0237 -0.1279 -0.2496  0.1862 -0.2106  0.3404 -0.0005
 0.1724 -0.2174 -0.1111  0.4070  0.2321 -0.2628 -0.4029 -0.0765 -0.6148 -0.1427
-0.3862  0.1556 -0.1122  0.1705  0.5617 -0.3605  0.2176  0.1467  0.0062  0.1178
-0.3400  0.6360 -0.4150  0.1626 -0.0808 -0.2812  0.2685 -0.0767 -0.2119  0.0412
 0.0969 -0.1697 -0.0311 -0.0434 -0.0711 -0.2682 -0.1062  0.1263  0.0745 -0.0193
-0.1803  0.0857  0.5260  0.1225  0.0493 -0.1591  0.0137  0.4631 -0.1003  0.2923
 0.2587  0.0574  0.0649 -0.1723 -0.3736 -0.3647 -0.4040 -0.5355 -0.0242  0.2505
-0.1370  0.0409  0.1920 -0.1947 -0.1703 -0.1868 -0.1559  0.2551 -0.1209  0.2549
 0.1355  0.1576 -0.1902 -0.3348 -0.1168  0.0303 -0.1526  0.0073  0.0401 -0.1597
-0.1704  0.2079 -0.2460 -0.5101  0.0116  0.0787  0.0665 -0.2585  0.0157  0.3985
-0.0851 -0.0339  0.1608  0.4107  0.3238  0.1833 -0.4590 -0.2412 -0.2239 -0.0051
-0.1422  0.4072 -0.0499  0.1040  0.2886  0.1144  0.3153  0.0880  0.1090 -0.1369
-0.4606  0.3247 -0.0619  0.4603  0.1309 -0.2356 -0.0024  0.3427 -0.3807  0.1096
-0.4090  0.0996 -0.2948 -0.2915 -0.2997  0.3634  0.0358 -0.0859  0.2099  0.1650
-0.0826 -0.1532 -0.0689  0.2006  0.0275 -0.0676  0.1302  0.2590  0.2571  0.4457
 0.1735  0.0841 -0.1839 -0.5159  0.1671  0.0801  0.0361 -0.0996  0.1827  0.2926
-0.1013 -0.1596 -0.0118  0.2322  0.4418 -0.0905  0.2986 -0.1351  0.1930 -0.0454
[ CUDAFloatType{20,20} ] -0.0830
 0.0732
-0.2478
-0.0463
 0.0337
 0.1712
 0.2088
-0.0881
-0.0385
 0.1865
-0.0236
-0.0237
 0.0108
 0.0477
 0.0050
 0.0092
 0.0334
-0.1224
-0.2323
 0.1619
[ CUDAFloatType{20} ] Columns 1 to 10 0.2069 -0.3900  0.4991 -0.0032  0.2465 -0.1006 -0.3652  0.2548 -0.0466  0.6470
 0.0893 -0.0686  0.3474 -0.4690 -0.0428 -0.3512  0.3240 -0.1161  0.1532  0.2915
-0.1766  0.2308  0.2584  0.4720 -0.3332  0.5012  0.0863 -0.1543 -0.1601  0.1270
-0.6635  0.1131  0.1135  0.3123  0.1610  0.2260  0.3696  0.2838  0.0735 -0.1815
 0.4528 -0.0228  0.2971  0.4008 -0.1027 -0.2571 -0.3443  0.1294 -0.1449  0.0706
 0.1653 -0.4418  0.2691 -0.1423  0.1623 -0.2548  0.0711  0.1272 -0.2130  0.3382
-0.1033  0.5433 -0.4499  0.0072  0.1693 -0.0462 -0.0912  0.1313  0.0316 -0.2872
-0.1414 -0.3997  0.0940  0.2918  0.1291  0.4254  0.6104 -0.2085  0.6624 -0.2160
-0.1018 -0.3422 -0.2801 -0.2340 -0.1852 -0.0238 -0.5112 -0.1222  0.1848 -0.5467
-0.5323 -0.1368 -0.3046  0.2459  0.0644  0.1364 -0.0808  0.1229 -0.1678  0.1126
 0.3117 -0.2481 -0.3265 -0.0509 -0.2214  0.1951 -0.3734 -0.7098 -0.0118  0.3880
 0.1292  0.2062 -0.0282 -0.1434  0.0393  0.1773  0.1302  0.3491 -0.3358  0.0598
 0.1853  0.0802  0.4744  0.0294  0.0851 -0.1910  0.1155 -0.5677  0.0308  0.5451
-0.3363 -0.2734 -0.3555 -0.2896  0.4636 -0.1739  0.0449 -0.1179 -0.4005  0.1833
 0.1421 -0.1184  0.2434 -0.0780 -0.1753 -0.2631 -0.2517 -0.3605  0.2460  0.1204
 0.0009 -0.0889 -0.1959 -0.5376  0.0113 -0.3914 -0.2135 -0.3596  0.3406 -0.1111
 0.3283  0.2753  0.1361 -0.1277  0.0591 -0.0230 -0.1565 -0.3076 -0.1058 -0.0341
-0.4382  0.2804 -0.3598  0.0496 -0.3965  0.3634  0.0548  0.0479  0.0329  0.1161
-0.3459 -0.1844 -0.5643  0.2997 -0.0301  0.3948 -0.2491  0.0570  0.0817  0.0818
 0.3613  0.0820  0.3522  0.2631  0.1467 -0.3919 -0.3256  0.2086  0.0265  0.3005

Columns 11 to 20 0.1381  0.2883 -0.1969  0.1920 -0.4550 -0.4925 -0.0420  0.0132 -0.0132 -0.2317
-0.0991 -0.0725 -0.1857  0.1019  0.5380 -0.3303 -0.2334  0.4649 -0.3826 -0.0998
-0.3680  0.0914  0.0547  0.2784 -0.0852  0.4638  0.3548 -0.3898  0.2369 -0.0608
-0.0474  0.1648 -0.1157  0.0320 -0.4922  0.2336 -0.1106  0.1706  0.5828  0.1324
-0.1430  0.2429 -0.1173  0.4119 -0.1772 -0.0463 -0.3398 -0.0521 -0.0333 -0.1473
-0.1345  0.4612  0.3167  0.2823 -0.3088 -0.1262 -0.1352  0.0905  0.0695 -0.2117
-0.8656  0.1607  0.0903 -0.2069  0.3970  0.1469  0.2667 -0.3104  0.2620 -0.0354
-0.2109 -0.4488 -0.2927 -0.0229  0.4494 -0.0412  0.0713 -0.1070 -0.2546  0.0432
 0.0169 -0.0543 -0.2509  0.1556 -0.1692 -0.0210 -0.4571  0.3014 -0.1926  0.0866
-0.2752 -0.1939  0.1399 -0.4870 -0.4032  0.1134  0.0917 -0.3576  0.3456 -0.2517
 0.3645  0.0519 -0.1091  0.1402  0.0947  0.0710 -0.4310  0.2872  0.1025 -0.1171
-0.3629  0.1687 -0.0309 -0.0366 -0.0067  0.3262  0.2984 -0.2649 -0.1519  0.4362
-0.0950 -0.0063 -0.2324  0.1561 -0.3983 -0.1424 -0.0117 -0.0352  0.1011  0.0132
-0.0800  0.1199 -0.1013  0.0539 -0.0798  0.5873  0.1957 -0.1706  0.0207  0.0718
 0.0791  0.3149  0.0373 -0.1642 -0.3993  0.0540 -0.0084  0.2552 -0.1334 -0.4004
-0.2875 -0.1091 -0.2627 -0.1672 -0.1888 -0.0857 -0.4473 -0.1237 -0.2030 -0.0383
-0.0953 -0.0257 -0.4033 -0.0727  0.2697 -0.1096 -0.2091  0.2110 -0.3141  0.0954
-0.1090  0.6568  0.4330 -0.2336 -0.1261  0.1393 -0.0873 -0.0374  0.2924 -0.4373
-0.2795  0.5804  0.1315 -0.2549  0.0581  0.1369 -0.0394 -0.1368 -0.3558 -0.2416
 0.0938 -0.1221 -0.4296  0.3464  0.0021 -0.1163  0.0717  0.2598 -0.2302  0.1876
[ CUDAFloatType{20,20} ]  0.0136
-0.2553
-0.0781
-0.3056
-0.0390
-0.1980
 0.1596
-0.0496
-0.2471
-0.1227
-0.3010
 0.0934
 0.0567
 0.1378
-0.2766
-0.1726
 0.2879
-0.1104
 0.3977
-0.2566
[ CUDAFloatType{20} ] Columns 1 to 10 0.3042  0.3725 -0.3024 -0.4697  0.3351  0.1193 -0.1766 -0.1652  0.3603 -0.5094

Columns 11 to 20 0.3735 -0.2941  0.2166 -0.1893  0.1955  0.3211  0.2294 -0.2557 -0.0742  0.2385
[ CUDAFloatType{1,20} ] 0.01 *
 8.0620
[ CUDAFloatType{1} ]